Improved,NotImproved
25,155
6,219
7,143
12,183
6,159
2,163
15,225
4,176
3,207
4,236
5,220
7,188
7,218
3,192
5,190
6,174
9,186
8,172
2,178
4,206
1,179
2,193
7,218
4,206
5,220
1,179
1,179
3,177
3,162
4,176
5,190
4,176
5,175
4,176
2,148
1,134
0,120
4,146
1,134
6,129
3,147
4,131
0,120
6,144
2,148
4,146
3,147
0,135
1,119
0,105
0,120
3,117
0,105
6,144
5,145
1,134
4,146
5,130
2,118
5,145
2,148
3,147
6,174
5,175
4,161
2,163
6,174
3,132
3,147
0,120
1,119
5,115
5,85
4,86
1,89
3,102
2,103
0,105
7,158
1,149
5,205
2,163
6,174
2,163
4,131
0,120
0,120
0,105
2,118
0,120
1,119
3,117
2,103
6,129
0,90
1,104
8,187
3,132
9,171
3,147
1,119
1,134
10,185
4,131
6,174
2,163
1,179
0,180
7,158
6,114
1,104
6,114
0,90
5,85
3,57
1,59
5,55
2,58
0,60
1,59
4,86
2,88
0,75
0,75
4,86
3,87
2,88
6,99
0,90
1,74
1,74
3,72
6,69
5,55
5,100
4,116
4,86
4,86
2,88
1,89
2,73
4,86
5,85
3,87
6,114
1,104
9,126
3,132
10,125
6,114
1,104
0,90
0,90
0,90
2,88
6,99
5,100
1,104
0,90
5,115
2,103
3,102
1,104
2,88
4,116
7,98
5,100
4,116
7,98
8,112
8,142
1,89
4,86
7,98
2,103
8,112
10,110
2,88
4,101
3,102
0,90
4,101
0,60
11,124
6,144
5,130
0,90
2,88
2,73
3,72
3,102
3,72
1,89
1,59
5,85
3,87
7,83
2,73
0,60
6,84
4,101
7,113
0,120
4,131
2,103
3,87
4,86
1,89
4,86
2,103
0,75
1,89
1,89
3,102
4,86
2,103
1,74
2,103
5,100
5,100
5,100
1,74
7,98
2,118
2,133
7,113
2,88
7,83
8,97
1,89
1,89
4,86
2,88
8,67
1,89
6,84
4,71
5,70
5,85
0,90
1,74
1,59
0,60
2,73
0,45
5,55
0,45
11,94
0,105
3,102
0,90
7,98
2,118
2,118
6,129
2,133
2,133
3,132
0,105
7,128
9,141
1,134
4,146
1,134
2,133
0,105
2,118
4,116
1,104
2,118
3,117
0,90
1,104
6,129
4,116
5,130
1,134
0,135
9,171
4,146
3,132
6,144
2,118
3,132
2,133
2,133
3,132
2,133
3,102
7,128
2,103
1,104
8,127
0,60
3,87
2,88
3,72
0,60
2,73
0,60
8,97
0,60
2,58
4,56
8,97
1,59
1,44
1,74
3,72
6,69
3,72
3,57
4,56
0,30
4,56
1,44
0,30
1,44
4,56
0,30
3,57
3,72
0,75
6,84
1,74
7,68
7,83
1,134
2,208
4,281
1,299
2,313
0,285
3,282
0,285
3,312
6,309
3,267
38,247
14,181
8,142
1,134
3,147
9,141
3,162
0,210
2,238
4,266
3,297
0,255
1,299
0,285
40,260
14,181
4,176
0,195
3,222
2,193
3,207
4,191
2,178
1,194
2,238
3,252
4,251
3,252
0,270
1,284
2,313
0,300
1,269
1,299
2,298
0,300
0,285
0,270
2,313
2,313
2,283
3,312
2,283
0,300
1,299
5,310
0,285
0,300
0,285
0,300
2,313
0,300
0,300
1,314
0,300
1,299
0,285
5,310
0,300
4,296
1,299
2,283
2,298
0,300
1,299
2,313
2,298
1,299
1,284
1,314
0,300
0,300
0,300
34,266
4,146
4,116
3,132
1,149
1,164
7,203
2,178
0,195
0,195
1,194
5,235
5,235
0,225
0,270
4,296
1,284
0,285
0,285
0,285
1,269
0,285
0,270
3,282
1,299
0,285
2,163
6,204
6,204
7,203
6,204
0,195
3,222
1,224
4,236
3,252
0,225
1,284
1,284
0,285
1,299
5,280
0,285
0,285
0,285
0,285
2,298
0,285
1,314
1,254
2,268
2,283
4,281
1,269
2,268
1,254
2,253
3,267
3,282
0,270
0,255
1,254
1,269
1,254
0,255
6,264
0,270
0,270
0,270
0,270
0,285
1,284
0,270
4,266
3,237
5,250
2,238
4,251
3,252
5,235
1,254
4,266
0,255
2,268
2,268
0,255
1,269
0,255
0,255
0,270
3,297
3,267
0,255
5,280
2,298
3,297
5,295
3,297
5,265
4,266
1,284
2,298
2,268
0,300
0,300
1,299
31,254
2,178
1,149
4,161
4,176
18,237
1,209
3,222
2,238
1,299
1,284
3,267
3,282
2,298
2,298
0,285
42,258
6,159
7,203
6,204
4,206
1,164
3,132
0,105
0,150
6,174
5,175
2,193
2,208
1,224
0,270
0,270
0,300
2,313
2,313
0,285
2,298
2,313
1,299
0,255
0,300
3,312
1,284
2,298
0,285
2,283
1,314
3,297
0,270
1,314
1,299
2,313
6,294
1,299
2,313
2,298
8,307
0,255
0,285
2,313
3,282
1,299
0,285
4,311
2,313
8,277
17,268
7,248
9,246
11,229
2,223
8,202
2,208
3,192
2,193
3,207
9,201
1,134
1,149
2,133
1,209
2,223
0,300
3,312
0,285
1,299
1,284
0,300
0,300
1,284
2,298
4,296
1,299
2,298
0,270
0,300
6,84
4,116
1,104
2,148
3,177
2,253
1,314
0,300
3,282
0,270
3,312
2,298
3,312
0,285
2,298
3,312
1,284
0,300
2,298
5,295
1,284
3,282
18,192
7,173
2,148
11,199
3,177
0,180
2,223
3,267
0,240
3,252
1,269
0,240
5,310
0,270
0,300
0,300
1,299
30,240
6,144
7,143
1,119
0,150
0,180
3,192
7,263
5,250
2,238
2,268
4,281
2,268
0,285
1,284
8,292
0,255
1,269
0,285
1,314
0,300
2,313
1,299
0,300
4,311
0,285
0,285
2,283
0,255
2,283
0,270
2,298
1,299
0,300
1,299
4,311
6,294
3,297
6,294
0,270
1,299
0,285
3,297
4,311
4,311
0,300
0,300
0,285
3,312
1,299
3,312
2,283
0,285
2,313
3,312
2,298
2,298
2,298
2,298
3,312
2,298
0,315
4,311
3,297
0,285
0,285
3,312
6,309
2,283
0,285
2,298
1,299
0,270
1,314
6,294
11,289
12,168
5,160
5,175
2,178
6,219
4,206
6,219
3,192
3,222
7,203
0,195
0,240
1,269
3,267
0,270
6,279
4,281
3,282
5,295
1,269
1,284
0,285
0,300
1,299
0,300
0,300
3,312
5,295
1,299
4,311
3,267
2,298
1,284
4,86
8,127
3,132
3,147
1,179
6,204
4,191
2,193
4,221
6,204
4,221
2,193
1,239
1,269
2,298
4,281
0,300
0,300
6,294
7,218
0,225
1,254
2,268
4,251
3,237
1,224
0,225
0,225
1,224
4,251
3,237
0,240
0,240
1,239
7,233
1,269
1,269
0,270
0,255
0,270
0,285
0,285
0,300
1,299
1,299
0,285
2,313
7,293
4,311
1,284
0,285
3,312
2,298
1,314
0,300
51,234
4,206
9,201
4,206
0,195
1,224
6,249
1,239
3,267
2,238
2,298
1,299
4,311
0,285
3,312
3,297
4,296
1,299
0,285
7,293
4,296
1,299
0,285
0,300
1,299
1,299
2,313
2,283
0,270
3,312
3,312
1,284
2,298
2,283
2,298
6,294
2,268
2,283
6,309
6,309
1,284
0,285
0,300
0,300
2,298
4,296
1,299
2,298
0,285
2,313
4,311
16,254
11,244
5,235
2,253
4,251
1,224
5,280
2,253
5,280
4,251
2,268
1,284
5,295
1,299
0,270
0,300
19,161
4,146
8,172
2,163
5,205
3,222
0,240
8,247
0,195
1,284
0,285
6,309
2,298
5,295
2,283
2,298
2,298
0,285
1,314
1,299
1,269
31,269
3,132
1,179
0,240
0,270
1,314
0,285
0,300
3,297
0,285
0,300
1,314
1,299
1,299
2,313
0,300
0,285
0,300
0,300
0,300
0,300
0,300
1,314
0,300
0,300
3,312
8,142
9,171
4,146
1,179
2,163
1,164
1,209
7,203
0,195
0,225
0,285
2,298
6,309
1,299
0,285
0,300
0,300
0,285
5,310
0,270
6,249
1,284
0,285
3,312
1,284
3,297
0,285
0,285
2,313
2,298
0,285
3,312
3,312
6,294
7,278
0,300
0,300
0,270
4,296
2,298
4,296
1,284
0,300
3,312
0,285
4,311
0,285
0,300
3,297
0,285
0,300
3,312
0,300
2,313
3,312
4,281
4,296
2,298
0,300
3,312
1,314
5,310
1,284
3,312
3,297
3,282
3,282
3,297
1,284
1,299
3,282
4,296
1,299
0,300
0,300
2,313
4,281
33,252
14,121
6,129
9,141
7,173
3,162
7,173
4,161
0,150
3,177
1,164
0,135
3,177
8,187
4,191
5,220
1,224
6,264
3,267
4,296
2,298
1,299
1,284
0,270
3,297
2,283
1,284
7,293
3,297
4,311
3,282
1,314
4,296
4,281
0,285
0,300
0,285
1,299
4,311
2,313
3,297
1,299
4,311
2,283
1,284
3,312
0,300
2,298
3,297
3,297
4,281
0,285
3,312
0,300
0,300
2,313
0,285
0,285
0,315
1,314
2,298
1,269
0,300
0,285
1,299
0,285
0,300
2,313
5,310
3,312
2,283
3,312
4,296
2,298
4,296
2,298
4,281
1,299
0,300
2,313
1,299
1,314
0,315
0,270
3,282
2,283
2,298
4,311
0,285
1,299
2,313
1,299
0,300
1,314
0,285
1,314
4,311
5,280
2,298
0,285
3,282
4,266
0,285
2,313
0,300
2,313
5,310
5,310
5,280
3,267
2,298
3,297
7,308
2,283
2,283
0,285
0,300
1,299
0,300
3,312
2,283
3,312
1,284
0,285
2,313
2,313
0,285
4,311
2,298
2,283
0,300
30,255
8,187
9,231
8,172
10,200
5,205
5,175
1,239
0,225
0,270
0,300
2,298
1,299
3,312
1,284
0,300
3,312
0,285
3,312
3,312
3,297
5,295
1,284
3,267
0,255
2,298
2,298
0,300
1,299
1,299
24,231
1,104
0,105
2,103
7,158
9,171
5,250
2,298
1,299
1,299
1,284
1,299
2,298
0,285
4,296
3,312
0,285
0,300
0,285
0,300
2,298
6,294
2,313
1,299
4,296
1,284
2,313
3,312
2,298
5,295
1,299
0,285
1,299
0,285
2,313
0,300
0,300
0,300
3,312
3,297
4,311
9,291
2,313
0,285
1,314
3,312
0,285
0,285
0,300
1,299
1,299
2,298
0,285
0,285
0,300
3,312
0,285
1,314
2,313
3,297
2,298
0,270
2,313
3,282
0,300
1,299
0,315
2,313
1,284
1,314
6,309
4,296
2,283
6,294
4,311
3,297
0,285
0,300
1,299
4,281
1,314
4,296
6,294
1,299
0,300
8,307
0,300
4,311
2,298
6,294
5,295
22,218
10,185
10,200
3,177
1,224
2,208
1,209
3,267
0,240
2,253
0,255
0,285
2,298
0,285
7,293
0,285
4,296
0,285
2,313
4,281
1,284
0,285
1,314
5,280
0,300
3,312
2,268
3,297
1,299
4,296
3,312
0,285
0,300
6,309
3,312
2,283
2,298
4,311
1,299
0,285
5,310
2,313
3,312
0,285
4,296
2,268
0,285
7,293
3,297
1,314
4,266
4,281
2,298
2,313
1,299
2,313
0,270
0,300
3,312
0,300
0,300
0,300
0,300
1,314
0,285
0,300
3,312
2,298
4,281
2,313
1,284
1,299
3,297
1,299
1,314
7,278
3,297
3,312
0,300
0,285
1,299
1,299
1,299
0,300
3,297
1,284
2,298
0,300
1,299
0,285
0,300
0,315
1,314
8,307
6,279
26,274
5,160
4,251
16,254
4,206
5,220
9,216
5,220
3,252
0,255
2,268
3,267
1,269
4,296
6,294
4,281
3,282
2,283
1,284
1,284
3,312
3,297
6,294
1,269
1,299
2,313
4,281
3,312
5,310
0,270
3,312
4,311
0,285
0,315
2,298
1,299
2,283
7,293
1,284
3,102
3,117
7,173
6,114
9,126
0,135
7,218
0,255
22,203
5,205
3,207
3,252
1,254
6,249
4,236
1,284
6,294
0,270
0,285
2,298
3,282
1,299
3,297
1,299
1,299
3,282
0,300
1,299
0,270
2,298
5,295
2,298
3,297
4,296
1,299
1,284
0,300
1,314
4,296
2,313
2,298
0,300
0,300
1,299
0,285
3,312
0,285
1,299
2,298
1,299
0,300
2,313
0,270
3,312
0,300
3,312
4,281
2,313
3,297
6,294
4,281
5,280
5,295
4,296
0,300
2,313
4,311
3,297
1,299
6,309
2,298
0,270
0,300
4,296
5,295
0,285
0,300
4,296
3,312
38,277
5,190
1,194
2,208
1,224
1,224
5,280
1,299
1,284
2,283
1,284
6,189
6,219
2,208
0,195
5,190
1,224
6,264
1,284
0,255
0,285
3,312
0,285
2,313
5,310
0,285
4,311
6,309
4,296
1,299
5,310
1,299
3,297
1,299
3,297
3,297
2,283
0,285
0,300
0,300
0,300
0,285
5,310
2,298
0,270
0,300
1,299
0,300
5,310
1,269
4,296
1,314
2,298
0,300
3,312
1,284
3,102
2,118
30,225
7,173
5,175
7,218
5,220
4,221
2,178
3,252
4,266
1,269
2,298
0,300
1,299
0,285
5,280
4,311
0,270
1,299
1,269
0,285
0,300
0,300
0,300
0,300
1,299
0,300
2,298
1,299
0,300
4,311
5,295
2,298
0,300
5,310
2,283
3,297
3,312
2,283
2,283
4,296
1,284
3,312
5,310
2,298
2,283
0,285
0,300
5,310
1,299
1,314
3,297
1,299
2,283
3,297
1,314
2,313
6,309
3,297
3,282
0,270
0,300
2,313
4,296
1,284
4,296
5,280
1,284
1,284
0,285
0,285
16,284
7,218
3,207
9,231
2,223
1,224
7,218
3,237
5,250
5,265
8,277
5,265
0,270
1,269
2,253
3,297
2,298
5,280
0,285
3,312
0,285
1,299
0,285
1,314
0,300
0,285
0,300
0,300
4,311
0,285
0,300
1,314
1,299
1,299
0,300
1,314
2,298
1,284
0,270
2,313
2,298
2,298
3,297
4,311
2,298
2,298
8,307
1,284
2,298
3,312
0,300
5,310
3,282
5,280
0,285
2,298
4,311
0,300
0,300
6,309
4,116
13,167
6,129
0,135
2,208
2,208
2,268
8,292
2,283
1,284
0,285
2,313
1,299
2,313
4,296
2,298
23,247
3,177
6,174
2,178
0,210
0,285
0,285
0,285
5,280
0,255
0,285
1,284
6,294
7,308
6,309
5,310
1,299
1,299
5,295
2,268
6,264
2,268
2,268
0,255
0,285
0,300
3,312
9,276
6,294
4,86
1,89
13,122
7,158
4,161
5,205
5,235
5,190
1,239
0,270
1,299
2,298
3,312
3,312
3,312
2,283
1,299
2,283
1,284
5,280
2,283
3,312
3,297
1,284
5,280
3,297
3,282
1,269
2,283
3,297
2,313
2,298
5,295
5,310
3,312
4,296
2,283
0,270
3,312
0,285
30,285
8,187
5,190
3,207
3,222
7,203
7,188
11,229
3,237
0,195
3,222
1,284
4,266
8,292
0,285
4,281
1,299
3,282
5,280
4,296
4,296
4,311
3,297
4,296
4,296
1,284
0,255
1,299
0,285
0,300
2,298
0,300
0,300
0,300
3,297
5,295
8,292
5,310
5,280
2,283
2,298
2,313
0,285
0,300
0,315
9,171
5,160
6,129
5,175
2,178
4,191
4,191
6,234
5,250
1,284
1,299
7,278
0,255
1,299
1,299
2,298
1,299
4,311
4,281
1,284
34,221
9,201
8,217
8,217
4,221
4,206
3,237
2,223
3,222
7,263
0,240
3,297
3,297
2,313
3,297
3,312
0,285
1,269
0,285
4,296
1,269
5,310
5,280
4,296
0,270
0,285
4,311
2,283
0,300
0,315
4,311
3,297
2,298
0,285
3,312
3,282
3,312
2,313
0,270
3,312
2,298
4,311
0,300
4,296
0,285
1,314
1,299
3,312
2,298
3,282
4,281
1,284
1,314
27,228
11,199
6,234
9,231
8,217
4,206
6,264
2,253
1,254
0,225
7,248
2,253
0,240
0,285
7,278
0,285
3,312
0,285
6,309
0,300
2,298
2,298
0,285
1,299
3,312
3,297
3,297
3,282
0,255
0,300
0,315
1,284
40,230
2,148
0,120
8,202
7,188
2,193
1,209
1,269
2,283
5,280
9,276
1,284
0,285
4,311
1,269
1,284
2,298
0,255
2,283
1,284
3,297
1,284
2,298
1,299
1,299
0,300
2,298
0,300
3,312
1,299
1,269
0,300
1,314
2,313
2,298
2,298
0,285
3,312
5,295
1,284
2,313
2,298
5,310
3,297
3,297
2,283
2,283
3,297
19,266
3,192
4,191
2,178
6,219
2,208
7,263
6,279
3,267
3,252
3,312
4,281
2,253
0,300
0,300
2,313
2,298
2,283
2,283
0,300
2,313
1,299
0,285
0,285
1,299
0,285
2,313
4,311
5,295
0,270
3,312
3,297
0,285
0,300
3,312
0,315
3,297
5,310
5,295
3,312
2,298
1,284
3,282
0,300
3,312
3,312
2,283
3,282
3,312
9,306
4,296
3,297
3,267
0,300
2,313
2,298
3,297
